1	0
2	0.00039986288
3	0.00079972576
4	0.0011995886
5	0.0015994515
6	0.0019993144
7	0.0023991773
8	0.0027990402
9	0.0031989031
10	0.0035987659
11	0.0039986288
12	0.0043984917
13	0.0047983546
14	0.0051982175
15	0.0055980803
16	0.0059979432
17	0.0063978061
18	0.006797669
19	0.0071975319
20	0.0075973948
21	0.0079972576
22	0.0083971201
23	0.0087969834
24	0.0091968458
25	0.0095967092
26	0.0099965716
27	0.010396435
28	0.010796297
29	0.011199897
30	0.011599761
31	0.011999623
32	0.012399486
33	0.012799349
34	0.013199212
35	0.013599074
36	0.013998938
37	0.0143988
38	0.014798664
39	0.015198526
40	0.015598389
41	0.015998252
42	0.016398115
43	0.016797978
44	0.01719784
45	0.017597703
46	0.017997567
47	0.01839743
48	0.018797291
49	0.019197155
50	0.019597018
51	0.019996881
52	0.020396743
53	0.020796606
54	0.02119647
55	0.021596333
56	0.021999933
57	0.022399794
58	0.022799658
59	0.023199521
60	0.023599384
61	0.023999246
62	0.024399109
63	0.024798973
64	0.025198836
65	0.025598697
66	0.025998561
67	0.026398424
68	0.026798287
69	0.027198149
70	0.027598012
71	0.027997876
72	0.028397739
73	0.0287976
74	0.029197464
75	0.029597327
76	0.02999719
77	0.030397052
78	0.030796915
79	0.031196779
80	0.031596642
81	0.031996503
82	0.032396365
83	0.032799967
84	0.033199828
85	0.033599693
86	0.033999555
87	0.03439942
88	0.034799282
89	0.035199143
90	0.035599008
91	0.03599887
92	0.036398731
93	0.036798596
94	0.037198458
95	0.037598319
96	0.037998185
97	0.038398046
98	0.038797911
99	0.039197773
100	0.039597634
101	0.039997499
102	0.040397361
103	0.040797222
104	0.041197088
105	0.041596949
106	0.041996814
107	0.042396676
108	0.042796537
109	0.043196402
110	0.043596264
111	0.043999866
112	0.044399727
113	0.044799589
114	0.045199454
115	0.045599315
116	0.045999177
117	0.046399042
118	0.046798903
119	0.047198769
120	0.04759863
121	0.047998492
122	0.048398357
123	0.048798218
124	0.04919808
125	0.049597945
126	0.049997807
127	0.050397672
128	0.050797533
129	0.051197395
130	0.05159726
131	0.051997121
132	0.052396983
133	0.052796848
134	0.05319671
135	0.053596575
136	0.053996436
137	0.054396298
138	0.054799899
139	0.055199761
140	0.055599626
141	0.055999488
142	0.056399349
143	0.056799214
144	0.057199076
145	0.057598937
146	0.057998803
147	0.058398664
148	0.058798529
149	0.059198391
150	0.059598252
151	0.059998117
152	0.060397979
153	0.06079784
154	0.061197706
155	0.061597567
156	0.061997432
157	0.062397294
158	0.062797159
159	0.063197017
160	0.063596882
161	0.063996747
162	0.064396605
163	0.06479647
164	0.065196335
165	0.065596193
166	0.065999798
167	0.066399656
168	0.066799521
169	0.067199387
170	0.067599244
171	0.06799911
172	0.068398975
173	0.06879884
174	0.069198698
175	0.069598563
176	0.069998428
177	0.070398286
178	0.070798151
179	0.071198016
180	0.071597874
181	0.071997739
182	0.072397605
183	0.072797462
184	0.073197328
185	0.073597193
186	0.073997051
187	0.074396916
188	0.074796781
189	0.075196639
190	0.075596504
191	0.075996369
192	0.076396234
193	0.076799832
194	0.07719969
195	0.077599555
196	0.07799942
197	0.078399286
198	0.078799143
199	0.079199009
200	0.079598874
201	0.079998732
202	0.080002472
