Curveplot
Nodal History
Time
Resultant Displacement
Node no.
5 #pts=202
* Minval=     0.0000000000e+00 at time=         0.0000000000
* Maxval=     1.3681886718e-02 at time=         0.0715978742
    0.0000000000e+00    0.0000000000e+00
    3.9986288175e-04    4.9118143579e-06
    7.9972576350e-04    3.3847620216e-05
    1.1995886452e-03    7.2492453910e-05
    1.5994515270e-03    1.3508179109e-04
    1.9993144087e-03    2.0773349388e-04
    2.3991772905e-03    3.0355295166e-04
    2.7990401722e-03    4.1031383444e-04
    3.1989030540e-03    5.3924100939e-04
    3.5987659357e-03    6.8008719245e-04
    3.9986288175e-03    8.4174983203e-04
    4.3984916992e-03    1.0164492996e-03
    4.7983545810e-03    1.2101777829e-03
    5.1982174627e-03    1.4181408333e-03
    5.5980803445e-03    1.6432268312e-03
    5.9979432262e-03    1.8833158538e-03
    6.3978061080e-03    2.1381846163e-03
    6.7976689897e-03    2.4088548962e-03
    7.1975318715e-03    2.6915725321e-03
    7.5973947532e-03    2.9904744588e-03
    7.9972576350e-03    3.2984029967e-03
    8.3971200511e-03    3.6221996415e-03
    8.7969833985e-03    3.9519793354e-03
    9.1968458146e-03    4.2968364432e-03
    9.5967091620e-03    4.6442854218e-03
    9.9965715781e-03    5.0053973682e-03
    1.0396434925e-02    5.3657228127e-03
    1.0796297342e-02    5.7378453203e-03
    1.1199897155e-02    6.1093275435e-03
    1.1599760503e-02    6.4866105095e-03
    1.1999622919e-02    6.8570105359e-03
    1.2399486266e-02    7.2336876765e-03
    1.2799348682e-02    7.6008699834e-03
    1.3199212030e-02    7.9712746665e-03
    1.3599074446e-02    8.3301747218e-03
    1.3998937793e-02    8.6890952662e-03
    1.4398800209e-02    9.0350164101e-03
    1.4798663557e-02    9.3776900321e-03
    1.5198525973e-02    9.7065875307e-03
    1.5598389320e-02    1.0029020719e-02
    1.5998251736e-02    1.0337350890e-02
    1.6398115084e-02    1.0636131279e-02
    1.6797978431e-02    1.0921144858e-02
    1.7197839916e-02    1.1193512939e-02
    1.7597703263e-02    1.1452704668e-02
    1.7997566611e-02    1.1696705595e-02
    1.8397429958e-02    1.1928373948e-02
    1.8797291443e-02    1.2142384425e-02
    1.9197154790e-02    1.2345000170e-02
    1.9597018138e-02    1.2527962215e-02
    1.9996881485e-02    1.2700538151e-02
    2.0396742970e-02    1.2851732783e-02
    2.0796606317e-02    1.2993230484e-02
    2.1196469665e-02    1.3112231158e-02
    2.1596333012e-02    1.3222199865e-02
    2.1999932826e-02    1.3309555128e-02
    2.2399794310e-02    1.3387121260e-02
    2.2799657658e-02    1.3441079296e-02
    2.3199521005e-02    1.3486233540e-02
    2.3599384353e-02    1.3507611118e-02
    2.3999245837e-02    1.3519849628e-02
    2.4399109185e-02    1.3508958742e-02
    2.4798972532e-02    1.3488160446e-02
    2.5198835880e-02    1.3444995508e-02
    2.5598697364e-02    1.3391064480e-02
    2.5998560712e-02    1.3315998018e-02
    2.6398424059e-02    1.3228887692e-02
    2.6798287407e-02    1.3122297823e-02
    2.7198148891e-02    1.3002387248e-02
    2.7598012239e-02    1.2864846736e-02
    2.7997875586e-02    1.2712581083e-02
    2.8397738934e-02    1.2544900179e-02
    2.8797600418e-02    1.2361395173e-02
    2.9197463766e-02    1.2164689600e-02
    2.9597327113e-02    1.1951110326e-02
    2.9997190461e-02    1.1726890691e-02
    3.0397051945e-02    1.1485296302e-02
    3.0796915293e-02    1.1235617101e-02
    3.1196778640e-02    1.0968329385e-02
    3.1596641988e-02    1.0695528239e-02
    3.1996503472e-02    1.0405615903e-02
    3.2396364957e-02    1.0112782940e-02
    3.2799966633e-02    9.8008885980e-03
    3.3199828118e-02    9.4911791384e-03
    3.3599693328e-02    9.1669475660e-03
    3.3999554813e-02    8.8443420827e-03
    3.4399420023e-02    8.5092205554e-03
    3.4799281508e-02    8.1775709987e-03
    3.5199142992e-02    7.8361723572e-03
    3.5599008203e-02    7.4996282347e-03
    3.5998869687e-02    7.1564796381e-03
    3.6398731172e-02    6.8192859180e-03
    3.6798596382e-02    6.4788563177e-03
    3.7198457867e-02    6.1452398077e-03
    3.7598319352e-02    5.8119772002e-03
    3.7998184562e-02    5.4860492237e-03
    3.8398046046e-02    5.1643112674e-03
    3.8797911257e-02    4.8500727862e-03
    3.9197772741e-02    4.5437915251e-03
    3.9597634226e-02    4.2451815680e-03
    3.9997499436e-02    3.9580380544e-03
    4.0397360921e-02    3.6786154378e-03
    4.0797222406e-02    3.4139284398e-03
    4.1197087616e-02    3.1569674611e-03
    4.1596949100e-02    2.9176229145e-03
    4.1996814311e-02    2.6861028746e-03
    4.2396675795e-02    2.4745138362e-03
    4.2796537280e-02    2.2709870245e-03
    4.3196402490e-02    2.0893192850e-03
    4.3596263975e-02    1.9158752402e-03
    4.3999865651e-02    1.7638988793e-03
    4.4399727136e-02    1.6226518201e-03
    4.4799588621e-02    1.5043875901e-03
    4.5199453831e-02    1.3957206393e-03
    4.5599315315e-02    1.3094219612e-03
    4.5999176800e-02    1.2334757484e-03
    4.6399042010e-02    1.1781724170e-03
    4.6798903495e-02    1.1331792921e-03
    4.7198768705e-02    1.1071435874e-03
    4.7598630190e-02    1.0911900317e-03
    4.7998491675e-02    1.0918963235e-03
    4.8398356885e-02    1.1029602028e-03
    4.8798218369e-02    1.1292115087e-03
    4.9198079854e-02    1.1672088876e-03
    4.9597945064e-02    1.2193501461e-03
    4.9997806549e-02    1.2851126958e-03
    5.0397671759e-02    1.3649152825e-03
    5.0797533244e-02    1.4604880707e-03
    5.1197394729e-02    1.5690290602e-03
    5.1597259939e-02    1.6952926526e-03
    5.1997121423e-02    1.8335541245e-03
    5.2396982908e-02    1.9911737181e-03
    5.2796848118e-02    2.1593889687e-03
    5.3196709603e-02    2.3483263794e-03
    5.3596574813e-02    2.5460398756e-03
    5.3996436298e-02    2.7646413073e-03
    5.4396297783e-02    2.9909270816e-03
    5.4799899459e-02    3.2403417863e-03
    5.5199760944e-02    3.4938068129e-03
    5.5599626154e-02    3.7672310136e-03
    5.5999487638e-02    4.0457197465e-03
    5.6399349123e-02    4.3425266631e-03
    5.6799214333e-02    4.6435464174e-03
    5.7199075818e-02    4.9608740956e-03
    5.7598937303e-02    5.2812974900e-03
    5.7998802513e-02    5.6151794270e-03
    5.8398663998e-02    5.9512867592e-03
    5.8798529208e-02    6.2973843887e-03
    5.9198390692e-02    6.6448305734e-03
    5.9598252177e-02    6.9984560832e-03
    5.9998117387e-02    7.3522706516e-03
    6.0397978872e-02    7.7081574127e-03
    6.0797840357e-02    8.0632399768e-03
    6.1197705567e-02    8.4158489481e-03
    6.1597567052e-02    8.7665254250e-03
    6.1997432262e-02    9.1104311869e-03
    6.2397293746e-02    9.4513287768e-03
    6.2797158957e-02    9.7812786698e-03
    6.3197016716e-02    1.0107217357e-02
    6.3596881926e-02    1.0418430902e-02
    6.3996747136e-02    1.0724700056e-02
    6.4396604896e-02    1.1013114825e-02
    6.4796470106e-02    1.1295739561e-02
    6.5196335316e-02    1.1558048427e-02
    6.5596193075e-02    1.1813619174e-02
    6.5999798477e-02    1.2049562298e-02
    6.6399656236e-02    1.2275421992e-02
    6.6799521446e-02    1.2478552759e-02
    6.7199386656e-02    1.2673092075e-02
    6.7599244416e-02    1.2844458222e-02
    6.7999109626e-02    1.3006404974e-02
    6.8398974836e-02    1.3145378791e-02
    6.8798840046e-02    1.3273745775e-02
    6.9198697805e-02    1.3379978947e-02
    6.9598563015e-02    1.3474429958e-02
    6.9998428226e-02    1.3547725044e-02
    7.0398285985e-02    1.3607993722e-02
    7.0798151195e-02    1.3648355380e-02
    7.1198016405e-02    1.3674239628e-02
    7.1597874165e-02    1.3681886718e-02
    7.1997739375e-02    1.3673267327e-02
    7.2397604585e-02    1.3648084365e-02
    7.2797462344e-02    1.3605237007e-02
    7.3197327554e-02    1.3547335751e-02
    7.3597192764e-02    1.3470083475e-02
    7.3997050524e-02    1.3379385695e-02
    7.4396915734e-02    1.3268133625e-02
    7.4796780944e-02    1.3144751079e-02
    7.5196638703e-02    1.2999508530e-02
    7.5596503913e-02    1.2843577191e-02
    7.5996369123e-02    1.2664965354e-02
    7.6396234334e-02    1.2476694770e-02
    7.6799832284e-02    1.2263505720e-02
    7.7199690044e-02    1.2043430470e-02
    7.7599555254e-02    1.1800532229e-02
    7.7999420464e-02    1.1549858376e-02
    7.8399285674e-02    1.1277285405e-02
    7.8799143434e-02    1.0997718200e-02
    7.9199008644e-02    1.0697621852e-02
    7.9598873854e-02    1.0391538031e-02
    7.9998731613e-02    1.0067335330e-02
    8.0002471805e-02    1.0064170696e-02
endcurve
